28.0 65.19
28.0 65.38
28.0 65.57
28.0 65.75999999999999
28.0 65.94999999999999
28.0 66.13999999999999
28.0 66.32999999999998
28.0 66.51999999999998
28.0 66.70999999999998
28.0 66.89999999999998
28.0 67.08999999999997
28.0 67.27999999999997
28.0 67.46999999999997
28.0 67.65999999999997
28.0 67.84999999999997
28.0 68.03999999999996
28.0 68.22999999999996
28.0 68.41999999999996
28.0 68.60999999999996
28.0 68.79999999999995
28.0 68.98999999999995
28.0 69.17999999999995
28.0 69.36999999999995
28.0 69.55999999999995
28.0 69.74999999999994
28.0 69.93999999999994
28.0 70.12999999999994
28.0 70.31999999999994
28.0 70.50999999999993
28.0 70.69999999999993
28.0 70.88999999999993
28.0 71.07999999999993
28.0 71.26999999999992
28.0 71.45999999999992
28.0 71.64999999999992
28.0 71.83999999999992
28.0 72.02999999999992
28.0 72.21999999999991
28.0 72.40999999999991
28.0 72.59999999999991
28.0 72.7899999999999
28.0 72.9799999999999
28.0 73.1699999999999
28.0 73.3599999999999
28.0 73.5499999999999
28.0 73.7399999999999
28.0 73.9299999999999
28.0 74.11999999999989
28.0 74.30999999999989
28.0 74.49999999999989
28.0 74.68999999999988
28.0 74.87999999999988
28.0 75.06999999999988
28.0 75.25999999999988
28.0 75.44999999999987
28.0 75.63999999999987
28.0 75.82999999999987
28.0 76.01999999999987
28.0 76.20999999999987
28.0 76.39999999999986
28.0 76.58999999999986
28.0 76.77999999999986
28.0 76.96999999999986
28.0 77.15999999999985
28.0 77.34999999999985
28.0 77.53999999999985
28.0 77.72999999999985
28.0 77.91999999999985
28.0 78.10999999999984
28.0 78.29999999999984
28.0 78.48999999999984
28.0 78.67999999999984
28.0 78.86999999999983
28.0 79.05999999999983
28.0 79.24999999999983
28.0 79.43999999999983
28.0 79.62999999999982
28.0 79.81999999999982
28.0 80.00999999999982
28.0 80.19999999999982
28.0 80.38999999999982
28.0 80.57999999999981
28.0 80.76999999999981
28.0 80.95999999999981
28.0 81.1499999999998
28.0 81.3399999999998
28.0 81.5299999999998
28.0 81.7199999999998
28.0 81.9099999999998
28.0 82.0999999999998
28.0 82.2899999999998
28.0 82.47999999999979
28.0 82.66999999999979
28.0 82.85999999999979
28.0 83.04999999999978
28.0 83.23999999999978
28.0 83.42999999999978
28.0 83.61999999999978
28.0 83.80999999999977
28.0 83.99999999999977
28.06 83.99
28.119999999999997 83.97999999999999
28.179999999999996 83.96999999999998
28.239999999999995 83.95999999999998
28.299999999999994 83.94999999999997
28.359999999999992 83.93999999999997
28.41999999999999 83.92999999999996
28.47999999999999 83.91999999999996
28.53999999999999 83.90999999999995
28.599999999999987 83.89999999999995
28.659999999999986 83.88999999999994
28.719999999999985 83.87999999999994
28.779999999999983 83.86999999999993
28.839999999999982 83.85999999999993
28.89999999999998 83.84999999999992
28.95999999999998 83.83999999999992
29.01999999999998 83.82999999999991
29.079999999999977 83.81999999999991
29.139999999999976 83.8099999999999
29.199999999999974 83.7999999999999
29.259999999999973 83.78999999999989
29.319999999999972 83.77999999999989
29.37999999999997 83.76999999999988
29.43999999999997 83.75999999999988
29.499999999999968 83.74999999999987
29.559999999999967 83.73999999999987
29.619999999999965 83.72999999999986
29.679999999999964 83.71999999999986
29.739999999999963 83.70999999999985
29.79999999999996 83.69999999999985
29.85999999999996 83.68999999999984
29.91999999999996 83.67999999999984
29.979999999999958 83.66999999999983
30.039999999999957 83.65999999999983
30.099999999999955 83.64999999999982
30.159999999999954 83.63999999999982
30.219999999999953 83.62999999999981
30.27999999999995 83.6199999999998
30.33999999999995 83.6099999999998
30.39999999999995 83.5999999999998
30.459999999999948 83.58999999999979
30.519999999999946 83.57999999999979
30.579999999999945 83.56999999999978
30.639999999999944 83.55999999999977
30.699999999999942 83.54999999999977
30.75999999999994 83.53999999999976
30.81999999999994 83.52999999999976
30.87999999999994 83.51999999999975
30.939999999999937 83.50999999999975
30.999999999999936 83.49999999999974
31.059999999999935 83.48999999999974
31.119999999999933 83.47999999999973
31.179999999999932 83.46999999999973
31.23999999999993 83.45999999999972
31.29999999999993 83.44999999999972
31.35999999999993 83.43999999999971
31.419999999999927 83.42999999999971
31.479999999999926 83.4199999999997
31.539999999999925 83.4099999999997
31.599999999999923 83.3999999999997
31.659999999999922 83.38999999999969
31.71999999999992 83.37999999999968
31.77999999999992 83.36999999999968
31.839999999999918 83.35999999999967
31.899999999999917 83.34999999999967
31.959999999999916 83.33999999999966
32.01999999999992 83.32999999999966
32.07999999999992 83.31999999999965
32.13999999999992 83.30999999999965
32.199999999999925 83.29999999999964
32.25999999999993 83.28999999999964
32.31999999999993 83.27999999999963
32.37999999999993 83.26999999999963
32.439999999999934 83.25999999999962
32.499999999999936 83.24999999999962
32.55999999999994 83.23999999999961
32.61999999999994 83.2299999999996
32.67999999999994 83.2199999999996
32.739999999999945 83.2099999999996
32.79999999999995 83.19999999999959
32.85999999999995 83.18999999999959
32.91999999999995 83.17999999999958
32.979999999999954 83.16999999999958
33.03999999999996 83.15999999999957
33.09999999999996 83.14999999999957
33.15999999999996 83.13999999999956
33.21999999999996 83.12999999999955
33.279999999999966 83.11999999999955
33.33999999999997 83.10999999999954
33.39999999999997 83.09999999999954
33.45999999999997 83.08999999999953
33.519999999999975 83.07999999999953
33.57999999999998 83.06999999999952
33.63999999999998 83.05999999999952
33.69999999999998 83.04999999999951
33.759999999999984 83.03999999999951
33.819999999999986 83.0299999999995
33.87999999999999 83.0199999999995
33.93999999999999 83.0099999999995
33.99999999999999 82.99999999999949
34.04 82.96
34.08 82.91999999999999
34.12 82.87999999999998
34.16 82.83999999999997
34.199999999999996 82.79999999999997
34.239999999999995 82.75999999999996
34.279999999999994 82.71999999999996
34.31999999999999 82.67999999999995
34.35999999999999 82.63999999999994
34.39999999999999 82.59999999999994
34.43999999999999 82.55999999999993
34.47999999999999 82.51999999999992
34.51999999999999 82.47999999999992
34.55999999999999 82.43999999999991
34.59999999999999 82.3999999999999
34.639999999999986 82.3599999999999
34.679999999999986 82.3199999999999
34.719999999999985 82.27999999999989
34.759999999999984 82.23999999999988
34.79999999999998 82.19999999999987
34.83999999999998 82.15999999999987
34.87999999999998 82.11999999999986
34.91999999999998 82.07999999999986
34.95999999999998 82.03999999999985
34.99999999999998 81.99999999999984
35.03999999999998 81.95999999999984
35.07999999999998 81.91999999999983
35.119999999999976 81.87999999999982
35.159999999999975 81.83999999999982
35.199999999999974 81.79999999999981
35.239999999999974 81.7599999999998
35.27999999999997 81.7199999999998
35.31999999999997 81.6799999999998
35.35999999999997 81.63999999999979
35.39999999999997 81.59999999999978
35.43999999999997 81.55999999999977
35.47999999999997 81.51999999999977
35.51999999999997 81.47999999999976
35.55999999999997 81.43999999999976
35.599999999999966 81.39999999999975
35.639999999999965 81.35999999999974
35.679999999999964 81.31999999999974
35.71999999999996 81.27999999999973
35.75999999999996 81.23999999999972
35.79999999999996 81.19999999999972
35.83999999999996 81.15999999999971
35.87999999999996 81.1199999999997
35.91999999999996 81.0799999999997
35.95999999999996 81.0399999999997
35.99999999999996 80.99999999999969
36.03999999999996 80.95999999999968
36.079999999999956 80.91999999999967
36.119999999999955 80.87999999999967
36.159999999999954 80.83999999999966
36.19999999999995 80.79999999999966
36.23999999999995 80.75999999999965
36.27999999999995 80.71999999999964
36.31999999999995 80.67999999999964
36.35999999999995 80.63999999999963
36.39999999999995 80.59999999999962
36.43999999999995 80.55999999999962
36.47999999999995 80.51999999999961
36.519999999999946 80.4799999999996
36.559999999999945 80.4399999999996
36.599999999999945 80.3999999999996
36.639999999999944 80.35999999999959
36.67999999999994 80.31999999999958
36.71999999999994 80.27999999999957
36.75999999999994 80.23999999999957
36.79999999999994 80.19999999999956
36.83999999999994 80.15999999999956
36.87999999999994 80.11999999999955
36.91999999999994 80.07999999999954
36.95999999999994 80.03999999999954
36.999999999999936 79.99999999999953
37.039999999999935 79.95999999999952
37.079999999999934 79.91999999999952
37.11999999999993 79.87999999999951
37.15999999999993 79.8399999999995
37.19999999999993 79.7999999999995
37.23999999999993 79.7599999999995
37.27999999999993 79.71999999999949
37.31999999999993 79.67999999999948
37.35999999999993 79.63999999999947
37.39999999999993 79.59999999999947
37.43999999999993 79.55999999999946
37.479999999999926 79.51999999999946
37.519999999999925 79.47999999999945
37.559999999999924 79.43999999999944
37.59999999999992 79.39999999999944
37.63999999999992 79.35999999999943
37.67999999999992 79.31999999999942
37.71999999999992 79.27999999999942
37.75999999999992 79.23999999999941
37.79999999999992 79.1999999999994
37.83999999999992 79.1599999999994
37.87999999999992 79.1199999999994
37.919999999999916 79.07999999999939
37.959999999999916 79.03999999999938
37.999999999999915 78.99999999999937
37.99 78.97
37.980000000000004 78.94
37.970000000000006 78.91
37.96000000000001 78.88
37.95000000000001 78.85
37.94000000000001 78.82
37.930000000000014 78.78999999999999
37.920000000000016 78.75999999999999
37.91000000000002 78.72999999999999
37.90000000000002 78.69999999999999
37.89000000000002 78.66999999999999
37.880000000000024 78.63999999999999
37.870000000000026 78.60999999999999
37.86000000000003 78.57999999999998
37.85000000000003 78.54999999999998
37.84000000000003 78.51999999999998
37.830000000000034 78.48999999999998
37.820000000000036 78.45999999999998
37.81000000000004 78.42999999999998
37.80000000000004 78.39999999999998
37.79000000000004 78.36999999999998
37.780000000000044 78.33999999999997
37.770000000000046 78.30999999999997
37.76000000000005 78.27999999999997
37.75000000000005 78.24999999999997
37.74000000000005 78.21999999999997
37.730000000000054 78.18999999999997
37.720000000000056 78.15999999999997
37.71000000000006 78.12999999999997
37.70000000000006 78.09999999999997
37.69000000000006 78.06999999999996
37.680000000000064 78.03999999999996
37.670000000000066 78.00999999999996
37.66000000000007 77.97999999999996
37.65000000000007 77.94999999999996
37.64000000000007 77.91999999999996
37.630000000000074 77.88999999999996
37.620000000000076 77.85999999999996
37.61000000000008 77.82999999999996
37.60000000000008 77.79999999999995
37.59000000000008 77.76999999999995
37.580000000000084 77.73999999999995
37.570000000000086 77.70999999999995
37.56000000000009 77.67999999999995
37.55000000000009 77.64999999999995
37.54000000000009 77.61999999999995
37.53000000000009 77.58999999999995
37.520000000000095 77.55999999999995
37.5100000000001 77.52999999999994
37.5000000000001 77.49999999999994
37.4900000000001 77.46999999999994
37.4800000000001 77.43999999999994
37.470000000000105 77.40999999999994
37.46000000000011 77.37999999999994
37.45000000000011 77.34999999999994
37.44000000000011 77.31999999999994
37.43000000000011 77.28999999999994
37.420000000000115 77.25999999999993
37.41000000000012 77.22999999999993
37.40000000000012 77.19999999999993
37.39000000000012 77.16999999999993
37.38000000000012 77.13999999999993
37.370000000000125 77.10999999999993
37.36000000000013 77.07999999999993
37.35000000000013 77.04999999999993
37.34000000000013 77.01999999999992
37.33000000000013 76.98999999999992
37.320000000000135 76.95999999999992
37.31000000000014 76.92999999999992
37.30000000000014 76.89999999999992
37.29000000000014 76.86999999999992
37.28000000000014 76.83999999999992
37.270000000000145 76.80999999999992
37.26000000000015 76.77999999999992
37.25000000000015 76.74999999999991
37.24000000000015 76.71999999999991
37.23000000000015 76.68999999999991
37.220000000000155 76.65999999999991
37.21000000000016 76.62999999999991
37.20000000000016 76.59999999999991
37.19000000000016 76.56999999999991
37.18000000000016 76.5399999999999
37.170000000000165 76.5099999999999
37.16000000000017 76.4799999999999
37.15000000000017 76.4499999999999
37.14000000000017 76.4199999999999
37.13000000000017 76.3899999999999
37.120000000000175 76.3599999999999
37.11000000000018 76.3299999999999
37.10000000000018 76.2999999999999
37.09000000000018 76.2699999999999
37.08000000000018 76.2399999999999
37.070000000000185 76.2099999999999
37.06000000000019 76.1799999999999
37.05000000000019 76.14999999999989
37.04000000000019 76.11999999999989
37.03000000000019 76.08999999999989
37.020000000000195 76.05999999999989
37.0100000000002 76.02999999999989
37.0000000000002 75.99999999999989
36.97 75.97
36.94 75.94
36.91 75.91
36.879999999999995 75.88
36.849999999999994 75.85
36.81999999999999 75.82
36.78999999999999 75.78999999999999
36.75999999999999 75.75999999999999
36.72999999999999 75.72999999999999
36.69999999999999 75.69999999999999
36.66999999999999 75.66999999999999
36.639999999999986 75.63999999999999
36.609999999999985 75.60999999999999
36.579999999999984 75.57999999999998
36.54999999999998 75.54999999999998
36.51999999999998 75.51999999999998
36.48999999999998 75.48999999999998
36.45999999999998 75.45999999999998
36.42999999999998 75.42999999999998
36.39999999999998 75.39999999999998
36.369999999999976 75.36999999999998
36.339999999999975 75.33999999999997
36.309999999999974 75.30999999999997
36.27999999999997 75.27999999999997
36.24999999999997 75.24999999999997
36.21999999999997 75.21999999999997
36.18999999999997 75.18999999999997
36.15999999999997 75.15999999999997
36.12999999999997 75.12999999999997
36.099999999999966 75.09999999999997
36.069999999999965 75.06999999999996
36.039999999999964 75.03999999999996
36.00999999999996 75.00999999999996
35.97999999999996 74.97999999999996
35.94999999999996 74.94999999999996
35.91999999999996 74.91999999999996
35.88999999999996 74.88999999999996
35.85999999999996 74.85999999999996
35.829999999999956 74.82999999999996
35.799999999999955 74.79999999999995
35.76999999999995 74.76999999999995
35.73999999999995 74.73999999999995
35.70999999999995 74.70999999999995
35.67999999999995 74.67999999999995
35.64999999999995 74.64999999999995
35.61999999999995 74.61999999999995
35.58999999999995 74.58999999999995
35.559999999999945 74.55999999999995
35.529999999999944 74.52999999999994
35.49999999999994 74.49999999999994
35.46999999999994 74.46999999999994
35.43999999999994 74.43999999999994
35.40999999999994 74.40999999999994
35.37999999999994 74.37999999999994
35.34999999999994 74.34999999999994
35.319999999999936 74.31999999999994
35.289999999999935 74.28999999999994
35.259999999999934 74.25999999999993
35.22999999999993 74.22999999999993
35.19999999999993 74.19999999999993
35.16999999999993 74.16999999999993
35.13999999999993 74.13999999999993
35.10999999999993 74.10999999999993
35.07999999999993 74.07999999999993
35.049999999999926 74.04999999999993
35.019999999999925 74.01999999999992
34.989999999999924 73.98999999999992
34.95999999999992 73.95999999999992
34.92999999999992 73.92999999999992
34.89999999999992 73.89999999999992
34.86999999999992 73.86999999999992
34.83999999999992 73.83999999999992
34.80999999999992 73.80999999999992
34.779999999999916 73.77999999999992
34.749999999999915 73.74999999999991
34.719999999999914 73.71999999999991
34.68999999999991 73.68999999999991
34.65999999999991 73.65999999999991
34.62999999999991 73.62999999999991
34.59999999999991 73.59999999999991
34.56999999999991 73.56999999999991
34.53999999999991 73.5399999999999
34.509999999999906 73.5099999999999
34.479999999999905 73.4799999999999
34.4499999999999 73.4499999999999
34.4199999999999 73.4199999999999
34.3899999999999 73.3899999999999
34.3599999999999 73.3599999999999
34.3299999999999 73.3299999999999
34.2999999999999 73.2999999999999
34.2699999999999 73.2699999999999
34.239999999999895 73.2399999999999
34.209999999999894 73.2099999999999
34.17999999999989 73.1799999999999
34.14999999999989 73.14999999999989
34.11999999999989 73.11999999999989
34.08999999999989 73.08999999999989
34.05999999999989 73.05999999999989
34.02999999999989 73.02999999999989
33.999999999999886 72.99999999999989
28.09 72.04
28.18 72.08000000000001
28.27 72.12000000000002
28.36 72.16000000000003
28.45 72.20000000000003
28.54 72.24000000000004
28.63 72.28000000000004
28.72 72.32000000000005
28.81 72.36000000000006
28.9 72.40000000000006
28.99 72.44000000000007
29.08 72.48000000000008
29.169999999999998 72.52000000000008
29.259999999999998 72.56000000000009
29.349999999999998 72.6000000000001
29.439999999999998 72.6400000000001
29.529999999999998 72.6800000000001
29.619999999999997 72.72000000000011
29.709999999999997 72.76000000000012
29.799999999999997 72.80000000000013
29.889999999999997 72.84000000000013
29.979999999999997 72.88000000000014
30.069999999999997 72.92000000000014
30.159999999999997 72.96000000000015
30.249999999999996 73.00000000000016
30.339999999999996 73.04000000000016
30.429999999999996 73.08000000000017
30.519999999999996 73.12000000000018
30.609999999999996 73.16000000000018
30.699999999999996 73.20000000000019
30.789999999999996 73.2400000000002
30.879999999999995 73.2800000000002
30.969999999999995 73.3200000000002
31.059999999999995 73.36000000000021
31.149999999999995 73.40000000000022
31.239999999999995 73.44000000000023
31.329999999999995 73.48000000000023
31.419999999999995 73.52000000000024
31.509999999999994 73.56000000000024
31.599999999999994 73.60000000000025
31.689999999999994 73.64000000000026
31.779999999999994 73.68000000000026
31.869999999999994 73.72000000000027
31.959999999999994 73.76000000000028
32.05 73.80000000000028
32.14 73.84000000000029
32.230000000000004 73.8800000000003
32.32000000000001 73.9200000000003
32.41000000000001 73.9600000000003
32.500000000000014 74.00000000000031
32.59000000000002 74.04000000000032
32.68000000000002 74.08000000000033
32.770000000000024 74.12000000000033
32.86000000000003 74.16000000000034
32.95000000000003 74.20000000000034
33.040000000000035 74.24000000000035
33.13000000000004 74.28000000000036
33.22000000000004 74.32000000000036
33.310000000000045 74.36000000000037
33.40000000000005 74.40000000000038
33.49000000000005 74.44000000000038
33.580000000000055 74.48000000000039
33.67000000000006 74.5200000000004
33.76000000000006 74.5600000000004
33.850000000000065 74.6000000000004
33.94000000000007 74.64000000000041
34.03000000000007 74.68000000000042
34.120000000000076 74.72000000000043
34.21000000000008 74.76000000000043
34.30000000000008 74.80000000000044
34.390000000000086 74.84000000000044
34.48000000000009 74.88000000000045
34.57000000000009 74.92000000000046
34.660000000000096 74.96000000000046
34.7500000000001 75.00000000000047
34.8400000000001 75.04000000000048
34.930000000000106 75.08000000000048
35.02000000000011 75.12000000000049
35.11000000000011 75.1600000000005
35.20000000000012 75.2000000000005
35.29000000000012 75.2400000000005
35.38000000000012 75.28000000000051
35.47000000000013 75.32000000000052
35.56000000000013 75.36000000000053
35.650000000000134 75.40000000000053
35.74000000000014 75.44000000000054
35.83000000000014 75.48000000000054
35.920000000000144 75.52000000000055
36.01000000000015 75.56000000000056
36.10000000000015 75.60000000000056
36.190000000000154 75.64000000000057
36.28000000000016 75.68000000000058
36.37000000000016 75.72000000000058
36.460000000000164 75.76000000000059
36.55000000000017 75.8000000000006
36.64000000000017 75.8400000000006
36.730000000000175 75.8800000000006
36.82000000000018 75.92000000000061
36.91000000000018 75.96000000000062
37.000000000000185 76.00000000000063
57.95 24.98
57.900000000000006 24.96
57.85000000000001 24.94
57.80000000000001 24.92
57.750000000000014 24.900000000000002
57.70000000000002 24.880000000000003
57.65000000000002 24.860000000000003
57.60000000000002 24.840000000000003
57.550000000000026 24.820000000000004
57.50000000000003 24.800000000000004
57.45000000000003 24.780000000000005
57.400000000000034 24.760000000000005
57.35000000000004 24.740000000000006
57.30000000000004 24.720000000000006
57.25000000000004 24.700000000000006
57.200000000000045 24.680000000000007
57.15000000000005 24.660000000000007
57.10000000000005 24.640000000000008
57.050000000000054 24.620000000000008
57.00000000000006 24.60000000000001
56.95000000000006 24.58000000000001
56.90000000000006 24.56000000000001
56.850000000000065 24.54000000000001
56.80000000000007 24.52000000000001
56.75000000000007 24.50000000000001
56.700000000000074 24.48000000000001
56.65000000000008 24.46000000000001
56.60000000000008 24.440000000000012
56.55000000000008 24.420000000000012
56.500000000000085 24.400000000000013
56.45000000000009 24.380000000000013
56.40000000000009 24.360000000000014
56.350000000000094 24.340000000000014
56.3000000000001 24.320000000000014
56.2500000000001 24.300000000000015
56.2000000000001 24.280000000000015
56.150000000000105 24.260000000000016
56.10000000000011 24.240000000000016
56.05000000000011 24.220000000000017
56.000000000000114 24.200000000000017
55.95000000000012 24.180000000000017
55.90000000000012 24.160000000000018
55.85000000000012 24.14000000000002
55.800000000000125 24.12000000000002
55.75000000000013 24.10000000000002
55.70000000000013 24.08000000000002
55.650000000000134 24.06000000000002
55.600000000000136 24.04000000000002
55.55000000000014 24.02000000000002
55.50000000000014 24.00000000000002
55.450000000000145 23.98000000000002
55.40000000000015 23.960000000000022
55.35000000000015 23.940000000000023
55.30000000000015 23.920000000000023
55.250000000000156 23.900000000000023
55.20000000000016 23.880000000000024
55.15000000000016 23.860000000000024
55.100000000000165 23.840000000000025
55.05000000000017 23.820000000000025
55.00000000000017 23.800000000000026
54.95000000000017 23.780000000000026
54.900000000000176 23.760000000000026
54.85000000000018 23.740000000000027
54.80000000000018 23.720000000000027
54.750000000000185 23.700000000000028
54.70000000000019 23.680000000000028
54.65000000000019 23.66000000000003
54.60000000000019 23.64000000000003
54.550000000000196 23.62000000000003
54.5000000000002 23.60000000000003
54.4500000000002 23.58000000000003
54.400000000000205 23.56000000000003
54.35000000000021 23.54000000000003
54.30000000000021 23.52000000000003
54.25000000000021 23.500000000000032
54.200000000000216 23.480000000000032
54.15000000000022 23.460000000000033
54.10000000000022 23.440000000000033
54.050000000000225 23.420000000000034
54.00000000000023 23.400000000000034
53.95000000000023 23.380000000000035
53.90000000000023 23.360000000000035
53.850000000000236 23.340000000000035
53.80000000000024 23.320000000000036
53.75000000000024 23.300000000000036
53.700000000000244 23.280000000000037
53.65000000000025 23.260000000000037
53.60000000000025 23.240000000000038
53.55000000000025 23.220000000000038
53.500000000000256 23.20000000000004
53.45000000000026 23.18000000000004
53.40000000000026 23.16000000000004
53.350000000000264 23.14000000000004
53.30000000000027 23.12000000000004
53.25000000000027 23.10000000000004
53.20000000000027 23.08000000000004
53.150000000000276 23.06000000000004
53.10000000000028 23.040000000000042
53.05000000000028 23.020000000000042
53.000000000000284 23.000000000000043
52.94 23.0
52.879999999999995 23.0
52.81999999999999 23.0
52.75999999999999 23.0
52.69999999999999 23.0
52.639999999999986 23.0
52.579999999999984 23.0
52.51999999999998 23.0
52.45999999999998 23.0
52.39999999999998 23.0
52.339999999999975 23.0
52.27999999999997 23.0
52.21999999999997 23.0
52.15999999999997 23.0
52.099999999999966 23.0
52.039999999999964 23.0
51.97999999999996 23.0
51.91999999999996 23.0
51.85999999999996 23.0
51.799999999999955 23.0
51.73999999999995 23.0
51.67999999999995 23.0
51.61999999999995 23.0
51.559999999999945 23.0
51.49999999999994 23.0
51.43999999999994 23.0
51.37999999999994 23.0
51.319999999999936 23.0
51.259999999999934 23.0
51.19999999999993 23.0
51.13999999999993 23.0
51.07999999999993 23.0
51.019999999999925 23.0
50.95999999999992 23.0
50.89999999999992 23.0
50.83999999999992 23.0
50.779999999999916 23.0
50.719999999999914 23.0
50.65999999999991 23.0
50.59999999999991 23.0
50.53999999999991 23.0
50.479999999999905 23.0
50.4199999999999 23.0
50.3599999999999 23.0
50.2999999999999 23.0
50.239999999999895 23.0
50.17999999999989 23.0
50.11999999999989 23.0
50.05999999999989 23.0
49.999999999999886 23.0
49.939999999999884 23.0
49.87999999999988 23.0
49.81999999999988 23.0
49.75999999999988 23.0
49.699999999999875 23.0
49.63999999999987 23.0
49.57999999999987 23.0
49.51999999999987 23.0
49.459999999999866 23.0
49.399999999999864 23.0
49.33999999999986 23.0
49.27999999999986 23.0
49.21999999999986 23.0
49.159999999999854 23.0
49.09999999999985 23.0
49.03999999999985 23.0
48.97999999999985 23.0
48.919999999999845 23.0
48.85999999999984 23.0
48.79999999999984 23.0
48.73999999999984 23.0
48.679999999999836 23.0
48.619999999999834 23.0
48.55999999999983 23.0
48.49999999999983 23.0
48.43999999999983 23.0
48.379999999999825 23.0
48.31999999999982 23.0
48.25999999999982 23.0
48.19999999999982 23.0
48.139999999999816 23.0
48.079999999999814 23.0
48.01999999999981 23.0
47.95999999999981 23.0
47.89999999999981 23.0
47.839999999999804 23.0
47.7799999999998 23.0
47.7199999999998 23.0
47.6599999999998 23.0
47.599999999999795 23.0
47.53999999999979 23.0
47.47999999999979 23.0
47.41999999999979 23.0
47.359999999999786 23.0
47.299999999999784 23.0
47.23999999999978 23.0
47.17999999999978 23.0
47.11999999999978 23.0
47.059999999999775 23.0
46.99999999999977 23.0
46.97 23.02
46.94 23.04
46.91 23.06
46.879999999999995 23.08
46.849999999999994 23.099999999999998
46.81999999999999 23.119999999999997
46.78999999999999 23.139999999999997
46.75999999999999 23.159999999999997
46.72999999999999 23.179999999999996
46.69999999999999 23.199999999999996
46.66999999999999 23.219999999999995
46.639999999999986 23.239999999999995
46.609999999999985 23.259999999999994
46.579999999999984 23.279999999999994
46.54999999999998 23.299999999999994
46.51999999999998 23.319999999999993
46.48999999999998 23.339999999999993
46.45999999999998 23.359999999999992
46.42999999999998 23.379999999999992
46.39999999999998 23.39999999999999
46.369999999999976 23.41999999999999
46.339999999999975 23.43999999999999
46.309999999999974 23.45999999999999
46.27999999999997 23.47999999999999
46.24999999999997 23.49999999999999
46.21999999999997 23.51999999999999
46.18999999999997 23.53999999999999
46.15999999999997 23.559999999999988
46.12999999999997 23.579999999999988
46.099999999999966 23.599999999999987
46.069999999999965 23.619999999999987
46.039999999999964 23.639999999999986
46.00999999999996 23.659999999999986
45.97999999999996 23.679999999999986
45.94999999999996 23.699999999999985
45.91999999999996 23.719999999999985
45.88999999999996 23.739999999999984
45.85999999999996 23.759999999999984
45.829999999999956 23.779999999999983
45.799999999999955 23.799999999999983
45.76999999999995 23.819999999999983
45.73999999999995 23.839999999999982
45.70999999999995 23.85999999999998
45.67999999999995 23.87999999999998
45.64999999999995 23.89999999999998
45.61999999999995 23.91999999999998
45.58999999999995 23.93999999999998
45.559999999999945 23.95999999999998
45.529999999999944 23.97999999999998
45.49999999999994 23.99999999999998
45.46999999999994 24.01999999999998
45.43999999999994 24.039999999999978
45.40999999999994 24.059999999999977
45.37999999999994 24.079999999999977
45.34999999999994 24.099999999999977
45.319999999999936 24.119999999999976
45.289999999999935 24.139999999999976
45.259999999999934 24.159999999999975
45.22999999999993 24.179999999999975
45.19999999999993 24.199999999999974
45.16999999999993 24.219999999999974
45.13999999999993 24.239999999999974
45.10999999999993 24.259999999999973
45.07999999999993 24.279999999999973
45.049999999999926 24.299999999999972
45.019999999999925 24.319999999999972
44.989999999999924 24.33999999999997
44.95999999999992 24.35999999999997
44.92999999999992 24.37999999999997
44.89999999999992 24.39999999999997
44.86999999999992 24.41999999999997
44.83999999999992 24.43999999999997
44.80999999999992 24.45999999999997
44.779999999999916 24.47999999999997
44.749999999999915 24.499999999999968
44.719999999999914 24.519999999999968
44.68999999999991 24.539999999999967
44.65999999999991 24.559999999999967
44.62999999999991 24.579999999999966
44.59999999999991 24.599999999999966
44.56999999999991 24.619999999999965
44.53999999999991 24.639999999999965
44.509999999999906 24.659999999999965
44.479999999999905 24.679999999999964
44.4499999999999 24.699999999999964
44.4199999999999 24.719999999999963
44.3899999999999 24.739999999999963
44.3599999999999 24.759999999999962
44.3299999999999 24.779999999999962
44.2999999999999 24.79999999999996
44.2699999999999 24.81999999999996
44.239999999999895 24.83999999999996
44.209999999999894 24.85999999999996
44.17999999999989 24.87999999999996
44.14999999999989 24.89999999999996
44.11999999999989 24.91999999999996
44.08999999999989 24.93999999999996
44.05999999999989 24.959999999999958
44.02999999999989 24.979999999999958
43.999999999999886 24.999999999999957
73.89 65.0
73.78 65.0
73.67 65.0
73.56 65.0
73.45 65.0
73.34 65.0
73.23 65.0
73.12 65.0
73.01 65.0
72.9 65.0
72.79 65.0
72.68 65.0
72.57000000000001 65.0
72.46000000000001 65.0
72.35000000000001 65.0
72.24000000000001 65.0
72.13000000000001 65.0
72.02000000000001 65.0
71.91000000000001 65.0
71.80000000000001 65.0
71.69000000000001 65.0
71.58000000000001 65.0
71.47000000000001 65.0
71.36000000000001 65.0
71.25000000000001 65.0
71.14000000000001 65.0
71.03000000000002 65.0
70.92000000000002 65.0
70.81000000000002 65.0
70.70000000000002 65.0
70.59000000000002 65.0
70.48000000000002 65.0
70.37000000000002 65.0
70.26000000000002 65.0
70.15000000000002 65.0
70.04000000000002 65.0
69.93000000000002 65.0
69.82000000000002 65.0
69.71000000000002 65.0
69.60000000000002 65.0
69.49000000000002 65.0
69.38000000000002 65.0
69.27000000000002 65.0
69.16000000000003 65.0
69.05000000000003 65.0
68.94000000000003 65.0
68.83000000000003 65.0
68.72000000000003 65.0
68.61000000000003 65.0
68.50000000000003 65.0
68.39000000000003 65.0
68.28000000000003 65.0
68.17000000000003 65.0
68.06000000000003 65.0
67.95000000000003 65.0
67.84000000000003 65.0
67.73000000000003 65.0
67.62000000000003 65.0
67.51000000000003 65.0
67.40000000000003 65.0
67.29000000000003 65.0
67.18000000000004 65.0
67.07000000000004 65.0
66.96000000000004 65.0
66.85000000000004 65.0
66.74000000000004 65.0
66.63000000000004 65.0
66.52000000000004 65.0
66.41000000000004 65.0
66.30000000000004 65.0
66.19000000000004 65.0
66.08000000000004 65.0
65.97000000000004 65.0
65.86000000000004 65.0
65.75000000000004 65.0
65.64000000000004 65.0
65.53000000000004 65.0
65.42000000000004 65.0
65.31000000000004 65.0
65.20000000000005 65.0
65.09000000000005 65.0
64.98000000000005 65.0
64.87000000000005 65.0
64.76000000000005 65.0
64.65000000000005 65.0
64.54000000000005 65.0
64.43000000000005 65.0
64.32000000000005 65.0
64.21000000000005 65.0
64.10000000000005 65.0
63.99000000000005 65.0
63.88000000000005 65.0
63.77000000000005 65.0
63.66000000000005 65.0
63.550000000000054 65.0
63.440000000000055 65.0
63.330000000000055 65.0
63.220000000000056 65.0
63.110000000000056 65.0
63.00000000000006 65.0
63.1 65.09
63.2 65.18
63.300000000000004 65.27000000000001
63.400000000000006 65.36000000000001
63.50000000000001 65.45000000000002
63.60000000000001 65.54000000000002
63.70000000000001 65.63000000000002
63.80000000000001 65.72000000000003
63.90000000000001 65.81000000000003
64.00000000000001 65.90000000000003
64.10000000000001 65.99000000000004
64.2 66.08000000000004
64.3 66.17000000000004
64.39999999999999 66.26000000000005
64.49999999999999 66.35000000000005
64.59999999999998 66.44000000000005
64.69999999999997 66.53000000000006
64.79999999999997 66.62000000000006
64.89999999999996 66.71000000000006
64.99999999999996 66.80000000000007
65.09999999999995 66.89000000000007
65.19999999999995 66.98000000000008
65.29999999999994 67.07000000000008
65.39999999999993 67.16000000000008
65.49999999999993 67.25000000000009
65.59999999999992 67.34000000000009
65.69999999999992 67.43000000000009
65.79999999999991 67.5200000000001
65.8999999999999 67.6100000000001
65.9999999999999 67.7000000000001
66.0999999999999 67.7900000000001
66.19999999999989 67.88000000000011
66.29999999999988 67.97000000000011
66.39999999999988 68.06000000000012
66.49999999999987 68.15000000000012
66.59999999999987 68.24000000000012
66.69999999999986 68.33000000000013
66.79999999999986 68.42000000000013
66.89999999999985 68.51000000000013
66.99999999999984 68.60000000000014
67.09999999999984 68.69000000000014
67.19999999999983 68.78000000000014
67.29999999999983 68.87000000000015
67.39999999999982 68.96000000000015
67.49999999999982 69.05000000000015
67.59999999999981 69.14000000000016
67.6999999999998 69.23000000000016
67.7999999999998 69.32000000000016
67.89999999999979 69.41000000000017
67.99999999999979 69.50000000000017
68.09999999999978 69.59000000000017
68.19999999999978 69.68000000000018
68.29999999999977 69.77000000000018
68.39999999999976 69.86000000000018
68.49999999999976 69.95000000000019
68.59999999999975 70.04000000000019
68.69999999999975 70.1300000000002
68.79999999999974 70.2200000000002
68.89999999999974 70.3100000000002
68.99999999999973 70.4000000000002
69.09999999999972 70.49000000000021
69.19999999999972 70.58000000000021
69.29999999999971 70.67000000000021
69.39999999999971 70.76000000000022
69.4999999999997 70.85000000000022
69.5999999999997 70.94000000000023
69.69999999999969 71.03000000000023
69.79999999999968 71.12000000000023
69.89999999999968 71.21000000000024
69.99999999999967 71.30000000000024
70.09999999999967 71.39000000000024
70.19999999999966 71.48000000000025
70.29999999999966 71.57000000000025
70.39999999999965 71.66000000000025
70.49999999999964 71.75000000000026
70.59999999999964 71.84000000000026
70.69999999999963 71.93000000000026
70.79999999999963 72.02000000000027
70.89999999999962 72.11000000000027
70.99999999999962 72.20000000000027
71.09999999999961 72.29000000000028
71.1999999999996 72.38000000000028
71.2999999999996 72.47000000000028
71.3999999999996 72.56000000000029
71.49999999999959 72.65000000000029
71.59999999999958 72.7400000000003
71.69999999999958 72.8300000000003
71.79999999999957 72.9200000000003
71.89999999999957 73.0100000000003
71.99999999999956 73.1000000000003
72.09999999999955 73.19000000000031
72.19999999999955 73.28000000000031
72.29999999999954 73.37000000000032
72.39999999999954 73.46000000000032
72.49999999999953 73.55000000000032
72.59999999999953 73.64000000000033
72.69999999999952 73.73000000000033
72.79999999999951 73.82000000000033
72.89999999999951 73.91000000000034
72.9999999999995 74.00000000000034
73.0 74.05
73.0 74.1
73.0 74.14999999999999
73.0 74.19999999999999
73.0 74.24999999999999
73.0 74.29999999999998
73.0 74.34999999999998
73.0 74.39999999999998
73.0 74.44999999999997
73.0 74.49999999999997
73.0 74.54999999999997
73.0 74.59999999999997
73.0 74.64999999999996
73.0 74.69999999999996
73.0 74.74999999999996
73.0 74.79999999999995
73.0 74.84999999999995
73.0 74.89999999999995
73.0 74.94999999999995
73.0 74.99999999999994
73.0 75.04999999999994
73.0 75.09999999999994
73.0 75.14999999999993
73.0 75.19999999999993
73.0 75.24999999999993
73.0 75.29999999999993
73.0 75.34999999999992
73.0 75.39999999999992
73.0 75.44999999999992
73.0 75.49999999999991
73.0 75.54999999999991
73.0 75.59999999999991
73.0 75.6499999999999
73.0 75.6999999999999
73.0 75.7499999999999
73.0 75.7999999999999
73.0 75.8499999999999
73.0 75.89999999999989
73.0 75.94999999999989
73.0 75.99999999999989
73.0 76.04999999999988
73.0 76.09999999999988
73.0 76.14999999999988
73.0 76.19999999999987
73.0 76.24999999999987
73.0 76.29999999999987
73.0 76.34999999999987
73.0 76.39999999999986
73.0 76.44999999999986
73.0 76.49999999999986
73.0 76.54999999999986
73.0 76.59999999999985
73.0 76.64999999999985
73.0 76.69999999999985
73.0 76.74999999999984
73.0 76.79999999999984
73.0 76.84999999999984
73.0 76.89999999999984
73.0 76.94999999999983
73.0 76.99999999999983
73.0 77.04999999999983
73.0 77.09999999999982
73.0 77.14999999999982
73.0 77.19999999999982
73.0 77.24999999999982
73.0 77.29999999999981
73.0 77.34999999999981
73.0 77.3999999999998
73.0 77.4499999999998
73.0 77.4999999999998
73.0 77.5499999999998
73.0 77.5999999999998
73.0 77.64999999999979
73.0 77.69999999999979
73.0 77.74999999999979
73.0 77.79999999999978
73.0 77.84999999999978
73.0 77.89999999999978
73.0 77.94999999999978
73.0 77.99999999999977
73.0 78.04999999999977
73.0 78.09999999999977
73.0 78.14999999999976
73.0 78.19999999999976
73.0 78.24999999999976
73.0 78.29999999999976
73.0 78.34999999999975
73.0 78.39999999999975
73.0 78.44999999999975
73.0 78.49999999999974
73.0 78.54999999999974
73.0 78.59999999999974
73.0 78.64999999999974
73.0 78.69999999999973
73.0 78.74999999999973
73.0 78.79999999999973
73.0 78.84999999999972
73.0 78.89999999999972
73.0 78.94999999999972
73.0 78.99999999999972
72.97 79.03
72.94 79.06
72.91 79.09
72.88 79.12
72.85 79.15
72.82 79.18
72.78999999999999 79.21000000000001
72.75999999999999 79.24000000000001
72.72999999999999 79.27000000000001
72.69999999999999 79.30000000000001
72.66999999999999 79.33000000000001
72.63999999999999 79.36000000000001
72.60999999999999 79.39000000000001
72.57999999999998 79.42000000000002
72.54999999999998 79.45000000000002
72.51999999999998 79.48000000000002
72.48999999999998 79.51000000000002
72.45999999999998 79.54000000000002
72.42999999999998 79.57000000000002
72.39999999999998 79.60000000000002
72.36999999999998 79.63000000000002
72.33999999999997 79.66000000000003
72.30999999999997 79.69000000000003
72.27999999999997 79.72000000000003
72.24999999999997 79.75000000000003
72.21999999999997 79.78000000000003
72.18999999999997 79.81000000000003
72.15999999999997 79.84000000000003
72.12999999999997 79.87000000000003
72.09999999999997 79.90000000000003
72.06999999999996 79.93000000000004
72.03999999999996 79.96000000000004
72.00999999999996 79.99000000000004
71.97999999999996 80.02000000000004
71.94999999999996 80.05000000000004
71.91999999999996 80.08000000000004
71.88999999999996 80.11000000000004
71.85999999999996 80.14000000000004
71.82999999999996 80.17000000000004
71.79999999999995 80.20000000000005
71.76999999999995 80.23000000000005
71.73999999999995 80.26000000000005
71.70999999999995 80.29000000000005
71.67999999999995 80.32000000000005
71.64999999999995 80.35000000000005
71.61999999999995 80.38000000000005
71.58999999999995 80.41000000000005
71.55999999999995 80.44000000000005
71.52999999999994 80.47000000000006
71.49999999999994 80.50000000000006
71.46999999999994 80.53000000000006
71.43999999999994 80.56000000000006
71.40999999999994 80.59000000000006
71.37999999999994 80.62000000000006
71.34999999999994 80.65000000000006
71.31999999999994 80.68000000000006
71.28999999999994 80.71000000000006
71.25999999999993 80.74000000000007
71.22999999999993 80.77000000000007
71.19999999999993 80.80000000000007
71.16999999999993 80.83000000000007
71.13999999999993 80.86000000000007
71.10999999999993 80.89000000000007
71.07999999999993 80.92000000000007
71.04999999999993 80.95000000000007
71.01999999999992 80.98000000000008
70.98999999999992 81.01000000000008
70.95999999999992 81.04000000000008
70.92999999999992 81.07000000000008
70.89999999999992 81.10000000000008
70.86999999999992 81.13000000000008
70.83999999999992 81.16000000000008
70.80999999999992 81.19000000000008
70.77999999999992 81.22000000000008
70.74999999999991 81.25000000000009
70.71999999999991 81.28000000000009
70.68999999999991 81.31000000000009
70.65999999999991 81.34000000000009
70.62999999999991 81.37000000000009
70.59999999999991 81.40000000000009
70.56999999999991 81.43000000000009
70.5399999999999 81.4600000000001
70.5099999999999 81.4900000000001
70.4799999999999 81.5200000000001
70.4499999999999 81.5500000000001
70.4199999999999 81.5800000000001
70.3899999999999 81.6100000000001
70.3599999999999 81.6400000000001
70.3299999999999 81.6700000000001
70.2999999999999 81.7000000000001
70.2699999999999 81.7300000000001
70.2399999999999 81.7600000000001
70.2099999999999 81.7900000000001
70.1799999999999 81.8200000000001
70.14999999999989 81.85000000000011
70.11999999999989 81.88000000000011
70.08999999999989 81.91000000000011
70.05999999999989 81.94000000000011
70.02999999999989 81.97000000000011
69.99999999999989 82.00000000000011
69.96 82.0
69.91999999999999 82.0
69.87999999999998 82.0
69.83999999999997 82.0
69.79999999999997 82.0
69.75999999999996 82.0
69.71999999999996 82.0
69.67999999999995 82.0
69.63999999999994 82.0
69.59999999999994 82.0
69.55999999999993 82.0
69.51999999999992 82.0
69.47999999999992 82.0
69.43999999999991 82.0
69.3999999999999 82.0
69.3599999999999 82.0
69.3199999999999 82.0
69.27999999999989 82.0
69.23999999999988 82.0
69.19999999999987 82.0
69.15999999999987 82.0
69.11999999999986 82.0
69.07999999999986 82.0
69.03999999999985 82.0
68.99999999999984 82.0
68.95999999999984 82.0
68.91999999999983 82.0
68.87999999999982 82.0
68.83999999999982 82.0
68.79999999999981 82.0
68.7599999999998 82.0
68.7199999999998 82.0
68.6799999999998 82.0
68.63999999999979 82.0
68.59999999999978 82.0
68.55999999999977 82.0
68.51999999999977 82.0
68.47999999999976 82.0
68.43999999999976 82.0
68.39999999999975 82.0
68.35999999999974 82.0
68.31999999999974 82.0
68.27999999999973 82.0
68.23999999999972 82.0
68.19999999999972 82.0
68.15999999999971 82.0
68.1199999999997 82.0
68.0799999999997 82.0
68.0399999999997 82.0
67.99999999999969 82.0
67.95999999999968 82.0
67.91999999999967 82.0
67.87999999999967 82.0
67.83999999999966 82.0
67.79999999999966 82.0
67.75999999999965 82.0
67.71999999999964 82.0
67.67999999999964 82.0
67.63999999999963 82.0
67.59999999999962 82.0
67.55999999999962 82.0
67.51999999999961 82.0
67.4799999999996 82.0
67.4399999999996 82.0
67.3999999999996 82.0
67.35999999999959 82.0
67.31999999999958 82.0
67.27999999999957 82.0
67.23999999999957 82.0
67.19999999999956 82.0
67.15999999999956 82.0
67.11999999999955 82.0
67.07999999999954 82.0
67.03999999999954 82.0
66.99999999999953 82.0
66.95999999999952 82.0
66.91999999999952 82.0
66.87999999999951 82.0
66.8399999999995 82.0
66.7999999999995 82.0
66.7599999999995 82.0
66.71999999999949 82.0
66.67999999999948 82.0
66.63999999999947 82.0
66.59999999999947 82.0
66.55999999999946 82.0
66.51999999999946 82.0
66.47999999999945 82.0
66.43999999999944 82.0
66.39999999999944 82.0
66.35999999999943 82.0
66.31999999999942 82.0
66.27999999999942 82.0
66.23999999999941 82.0
66.1999999999994 82.0
66.1599999999994 82.0
66.1199999999994 82.0
66.07999999999939 82.0
66.03999999999938 82.0
65.99999999999937 82.0
65.97 81.98
65.94 81.96000000000001
65.91 81.94000000000001
65.88 81.92000000000002
65.85 81.90000000000002
65.82 81.88000000000002
65.78999999999999 81.86000000000003
65.75999999999999 81.84000000000003
65.72999999999999 81.82000000000004
65.69999999999999 81.80000000000004
65.66999999999999 81.78000000000004
65.63999999999999 81.76000000000005
65.60999999999999 81.74000000000005
65.57999999999998 81.72000000000006
65.54999999999998 81.70000000000006
65.51999999999998 81.68000000000006
65.48999999999998 81.66000000000007
65.45999999999998 81.64000000000007
65.42999999999998 81.62000000000008
65.39999999999998 81.60000000000008
65.36999999999998 81.58000000000008
65.33999999999997 81.56000000000009
65.30999999999997 81.54000000000009
65.27999999999997 81.5200000000001
65.24999999999997 81.5000000000001
65.21999999999997 81.4800000000001
65.18999999999997 81.46000000000011
65.15999999999997 81.44000000000011
65.12999999999997 81.42000000000012
65.09999999999997 81.40000000000012
65.06999999999996 81.38000000000012
65.03999999999996 81.36000000000013
65.00999999999996 81.34000000000013
64.97999999999996 81.32000000000014
64.94999999999996 81.30000000000014
64.91999999999996 81.28000000000014
64.88999999999996 81.26000000000015
64.85999999999996 81.24000000000015
64.82999999999996 81.22000000000016
64.79999999999995 81.20000000000016
64.76999999999995 81.18000000000016
64.73999999999995 81.16000000000017
64.70999999999995 81.14000000000017
64.67999999999995 81.12000000000018
64.64999999999995 81.10000000000018
64.61999999999995 81.08000000000018
64.58999999999995 81.06000000000019
64.55999999999995 81.04000000000019
64.52999999999994 81.0200000000002
64.49999999999994 81.0000000000002
64.46999999999994 80.9800000000002
64.43999999999994 80.9600000000002
64.40999999999994 80.94000000000021
64.37999999999994 80.92000000000021
64.34999999999994 80.90000000000022
64.31999999999994 80.88000000000022
64.28999999999994 80.86000000000023
64.25999999999993 80.84000000000023
64.22999999999993 80.82000000000023
64.19999999999993 80.80000000000024
64.16999999999993 80.78000000000024
64.13999999999993 80.76000000000025
64.10999999999993 80.74000000000025
64.07999999999993 80.72000000000025
64.04999999999993 80.70000000000026
64.01999999999992 80.68000000000026
63.989999999999924 80.66000000000027
63.95999999999992 80.64000000000027
63.92999999999992 80.62000000000027
63.89999999999992 80.60000000000028
63.86999999999992 80.58000000000028
63.83999999999992 80.56000000000029
63.80999999999992 80.54000000000029
63.779999999999916 80.5200000000003
63.749999999999915 80.5000000000003
63.719999999999914 80.4800000000003
63.68999999999991 80.4600000000003
63.65999999999991 80.44000000000031
63.62999999999991 80.42000000000031
63.59999999999991 80.40000000000032
63.56999999999991 80.38000000000032
63.53999999999991 80.36000000000033
63.509999999999906 80.34000000000033
63.479999999999905 80.32000000000033
63.4499999999999 80.30000000000034
63.4199999999999 80.28000000000034
63.3899999999999 80.26000000000035
63.3599999999999 80.24000000000035
63.3299999999999 80.22000000000035
63.2999999999999 80.20000000000036
63.2699999999999 80.18000000000036
63.239999999999895 80.16000000000037
63.209999999999894 80.14000000000037
63.17999999999989 80.12000000000037
63.14999999999989 80.10000000000038
63.11999999999989 80.08000000000038
63.08999999999989 80.06000000000039
63.05999999999989 80.04000000000039
63.02999999999989 80.0200000000004
62.999999999999886 80.0000000000004
50.0 83.0
50.89850074982145 82.95503748750224
51.788023977155554 82.82059920057118
52.65968185995206 82.59802840213045
53.50476508077786 82.28954894602597
54.31482984743783 81.89824305701336
55.081782260555315 81.42802053418711
55.79795918513922 80.88357968556039
56.456204818095706 80.27036038412449
57.04994218664735 79.59448971443598
57.573238863271065 78.86272075281326
58.02086624055292 78.0823650928302
58.38835177370504 77.26121979029006
58.67202366875473 76.40748945762128
58.86904756989614 75.52970428610217
58.97745487943649 74.63663481500933
58.99616242737355 73.7372042992884
58.92498329407222 72.84039955134027
58.76462867790376 71.95518114776222
58.51670078918673 71.09039389822847
58.18367684143114 70.25467847107572
57.76888429983986 69.45638505860128
57.27646763437631 68.70348994470189
56.711346909590475 68.00351580848158
56.07916862496035 67.36345656012878
55.3862492969356 66.7897074600776
54.63951234639317 66.28800121967947
53.84641892210446 65.86335072184644
53.01489335140313 65.51999893398207
52.15324396292583 65.26137651365369
51.270080072538796 65.09006753059599
50.374225961899604 65.00778364754049
49.47463270915177 65.01534701784722
48.58028875271075 65.11268207082021
47.7001300817585 65.29881626678485
46.84295095079341 65.57188981438284
46.01731601034631 65.92917425299268
45.231474731823546 66.36709971460634
44.493278981515516 66.88129059277026
43.810104567344226 67.46660926219874
43.188777542228635 68.1172074122275
42.6355060004203 68.82658448120058
42.1558180482777 69.5876526079337
41.7545065692549 70.39280745128023
41.43558133499435 71.23400417019423
41.20222894101413 72.10283780512299
41.05678096729882 72.9906272575845
41.00069068192309 73.88850202883398
41.034518520477434 74.78749085095501
41.157926486381 75.67861132480317
41.36968152803175 76.55295966916903
41.667667859050404 77.4017996844168
42.04890809851861 78.21665004170337
42.50959301998488 78.98936902561243
43.0451196119961 79.71223588348369
43.650137069866446 80.37802796862132
44.31860025914908 80.98009290659222
45.04383011662123 81.51241506355241
45.81858038527615 81.96967565247185
46.63511001652783 82.34730587669631
47.48526051620962 82.64153257985328
48.36053746155109 82.84941594598325
49.252195374642476 82.96887887320895
50.0 43.0
51.39766783305559 42.93005831389236
52.781370631130855 42.720932089777385
54.13728289325876 42.374710847758486
55.45185679232111 41.89485391604039
56.71195754045884 41.28615586646522
57.9049946275305 40.55469860873549
59.01904762132767 39.70779062198284
60.04298527259331 38.753893930860315
60.966576734784766 37.7025395557893
61.78059378731055 36.56423228215396
62.476903040860094 35.35034569995808
63.04854720354117 34.07300856267343
63.4898145958407 32.74498360074422
63.796296219838446 31.37954000060337
63.96492981245676 29.990320823347837
63.99403044258107 28.591206687781952
63.88330734633456 27.19617707986265
63.63386683229473 25.819170674296775
63.248201227623795 24.473946063910944
62.73016397555954 23.173944288340003
62.084931133084226 21.93215453560199
61.318949653474256 20.76098435842515
60.43987297047408 19.672135702082453
59.4564845277161 18.676487982422557
58.37861001745538 17.78398938234292
57.217019205500485 17.00355745283473
55.98331832327361 16.342990011761138
54.68983410218265 15.808887230638781
53.34949060899574 15.406585687905729
51.97568011283812 15.14010504759376
50.58212927406605 15.012107896174086
49.18276199201386 15.023873138873459
47.7915602819945 15.175283221275894
46.42242457162434 15.464825303887553
45.0890348123453 15.88960637792886
43.80471379387204 16.445382171321953
42.58229402728107 17.126599556054302
41.43398952680191 17.926452033198185
40.37127377142434 18.83694774119806
39.40476506568899 19.848989307909452
38.544120445098244 20.952464748534254
37.79793918620976 22.13634850123022
37.173676885507625 23.388811590880355
36.67757096554678 24.69733982030213
36.31457835268864 26.048858807969083
36.0883259491315 27.429864622909232
36.00107439410259 28.82655871151952
36.05369547629823 30.224985768152237
36.245663423259344 31.611173171916036
36.575060154716056 32.97127059648514
37.03859444741174 34.2916883979817
37.631634819917835 35.55923339820525
38.34825580886536 36.76124070650822
39.18129717421615 37.885700263196846
40.12243544201448 38.921376840077606
41.16226706978746 39.85792229914346
42.290402403633024 40.6859789877482
43.495569488207344 41.39727323717844
44.765726692376624 41.984698030416475
46.08818302521497 42.442384013105105
47.449724940190585 42.76575813819617
48.836748360554964 42.95158935832504
55.0 36.0
55.199666833293655 35.99000833055605
55.39733866159012 35.960133155682485
55.59104041332268 35.91067297825121
55.7788366846173 35.84212198800577
55.95885107720841 35.75516512378074
56.12928494679007 35.65067122981936
56.288435374475384 35.52968437456898
56.43471218179904 35.39341341869433
56.56665381925497 35.24321993654133
56.68294196961579 35.08060461173628
56.78241472012287 34.90719224285115
56.86407817193445 34.724715508953345
56.92711637083438 34.53499765724917
56.97089945997692 34.33993428580048
56.99498997320811 34.14147440333541
56.99914720608301 33.94160095539742
56.98332962090494 33.74231101140895
56.94769526175639 33.545595810613825
56.89260017537483 33.35342086627299
56.81859485365136 33.167706326905716
56.72641873329775 32.99030779080029
56.61699280763918 32.822997765489305
56.49141042435344 32.66744795744035
56.3509263611023 32.52521256891751
56.19694428820791 32.39771276890613
56.03100274364293 32.2862224932621
55.85475976046766 32.19185571596588
55.66997630031181 32.115555318662686
55.47849865842796 32.05808366970082
55.28224001611973 32.020015006799106
55.08316132486658 32.00172969945344
54.88325171314484 32.00341044841049
54.6845086117135 32.02504046018227
54.488917795946335 32.06640361484108
54.29843354462076 32.12708662541841
54.11495911341029 32.206483167331704
53.94032771818301 32.30379993657919
53.77628421811456 32.41806457617117
53.62446768163205 32.54813539159972
53.48639500938414 32.692712758272776
53.36344577787118 32.850352106933464
53.25684845517282 33.019478357318604
53.16766812650109 33.19840165584005
53.09679585222097 33.38533426004316
53.044939764669806 33.57840840113844
53.01261799273307 33.77569494612989
53.000153484871795 33.975222673074214
53.00767078232832 34.17499796687889
53.035094774751336 34.373024738845146
53.08215145067372 34.56732437092645
53.148370635344534 34.75595548542596
53.23309068855969 34.93703334260075
53.335465115552196 35.10874867235832
53.45447102488802 35.26938575188527
53.588919348859214 35.41733954858252
53.73746672425535 35.55113175702049
53.89862891480472 35.66942556967832
54.07079564117248 35.77103903388263
54.25224667033952 35.85495686148807
54.44116900360214 35.92034057330073
54.6356749914558 35.966536876885165
54.833821194364994 35.99308419404643
46.0 36.0
46.199666833293655 35.99000833055605
46.39733866159012 35.960133155682485
46.59104041332268 35.91067297825121
46.7788366846173 35.84212198800577
46.95885107720841 35.75516512378074
47.12928494679007 35.65067122981936
47.288435374475384 35.52968437456898
47.43471218179904 35.39341341869433
47.56665381925497 35.24321993654133
47.68294196961579 35.08060461173628
47.78241472012287 34.90719224285115
47.86407817193445 34.724715508953345
47.92711637083438 34.53499765724917
47.97089945997692 34.33993428580048
47.99498997320811 34.14147440333541
47.99914720608301 33.94160095539742
47.98332962090494 33.74231101140895
47.94769526175639 33.545595810613825
47.89260017537483 33.35342086627299
47.81859485365136 33.167706326905716
47.72641873329775 32.99030779080029
47.61699280763918 32.822997765489305
47.49141042435344 32.66744795744035
47.3509263611023 32.52521256891751
47.19694428820791 32.39771276890613
47.03100274364293 32.2862224932621
46.85475976046766 32.19185571596588
46.66997630031181 32.115555318662686
46.47849865842796 32.05808366970082
46.28224001611973 32.020015006799106
46.08316132486658 32.00172969945344
45.88325171314484 32.00341044841049
45.6845086117135 32.02504046018227
45.488917795946335 32.06640361484108
45.29843354462076 32.12708662541841
45.11495911341029 32.206483167331704
44.94032771818301 32.30379993657919
44.77628421811456 32.41806457617117
44.62446768163205 32.54813539159972
44.48639500938414 32.692712758272776
44.36344577787118 32.850352106933464
44.25684845517282 33.019478357318604
44.16766812650109 33.19840165584005
44.09679585222097 33.38533426004316
44.044939764669806 33.57840840113844
44.01261799273307 33.77569494612989
44.000153484871795 33.975222673074214
44.00767078232832 34.17499796687889
44.035094774751336 34.373024738845146
44.08215145067372 34.56732437092645
44.148370635344534 34.75595548542596
44.23309068855969 34.93703334260075
44.335465115552196 35.10874867235832
44.45447102488802 35.26938575188527
44.588919348859214 35.41733954858252
44.73746672425535 35.55113175702049
44.89862891480472 35.66942556967832
45.07079564117248 35.77103903388263
45.25224667033952 35.85495686148807
45.44116900360214 35.92034057330073
45.6356749914558 35.966536876885165
45.833821194364994 35.99308419404643
